SIMPLE  = T
BITPIX  = -64
NAXIS   = 2
NAXIS1  = 3719
NAXIS2  = 3719
CTYPE1  = 'RA---TAN'
CTYPE2  = 'DEC--TAN'
CRVAL1  =  275.196290
CRVAL2  =  -16.171530
CRPIX1  = 1860.000000
CRPIX2  = 1860.000000
CDELT1  = -0.000277778
CDELT2  = 0.000277778
CROTA2  =    0.000000
EQUINOX = 2000
MAGZP   =   20.904400
END
